timestamp;subject_id;activity;label;seq;ax;ay;az;gx;gy;gz
1076427;2;19;2;2140;-1270;1787;-3435;-3818;-232;-2262
1076437;2;19;2;2140;-1247;1881;-3452;-3865;-162;-2565
1076447;2;19;2;2140;-1236;1984;-3455;-3849;-32;-2740
1076457;2;19;2;2140;-1241;2051;-3332;-3866;-30;-2750
1076467;2;19;2;2140;-1214;2108;-3380;-3861;-57;-2788
1076477;2;19;2;2140;-1233;2054;-3325;-3718;-61;-2891
1076487;2;19;2;2140;-1332;2020;-3304;-3550;-142;-3096
1076497;2;19;2;2140;-1466;1907;-3292;-3472;-180;-3184
1076507;2;19;2;2140;-1597;1867;-3360;-3631;-183;-3374
1076517;2;19;2;2140;-1737;1882;-3322;-4026;-77;-3502
1076527;2;19;2;2140;-1908;1823;-3234;-4305;134;-3555
1076537;2;19;2;2140;-2014;1773;-3116;-4425;394;-3545
1076547;2;19;2;2140;-2007;1832;-3224;-4631;732;-3644
1076557;2;19;2;2140;-2024;1954;-3160;-4847;1116;-3691
1076567;2;19;2;2140;-1958;2047;-3124;-5113;1490;-3704
1076577;2;19;2;2140;-1889;2197;-3085;-5164;1800;-3797
1076587;2;19;2;2140;-1854;2326;-3064;-4948;2162;-3726
1076597;2;19;2;2140;-1854;2369;-2957;-4697;2415;-3336
1076607;2;19;2;2140;-1839;2447;-2938;-4343;2484;-2882
1076617;2;19;2;2140;-1684;2421;-2999;-4316;2697;-2466
1076627;2;19;2;2140;-1657;2720;-3003;-4494;2990;-1715
1076637;2;19;2;2140;-1529;2215;-2720;-4562;2984;-1255
1076647;2;19;2;2140;-1525;2592;-2915;-4424;3183;-962
1076657;2;19;2;2140;-1621;2231;-2837;-4298;3320;-229
1076667;2;19;2;2140;-1688;2092;-2980;-4091;3443;586
1076677;2;19;2;2140;-1571;1862;-3142;-4425;3595;1002
1076687;2;19;2;2140;-1404;1823;-3268;-5106;3746;967
1076697;2;19;2;2140;-1236;1960;-3326;-6010;3730;587
1076707;2;19;2;2140;-1085;2125;-3272;-6732;3818;134
1076717;2;19;2;2140;-1039;2330;-3155;-6969;3804;-283
1076727;2;19;2;2140;-1125;2332;-3114;-6856;3712;-227
1076737;2;19;2;2140;-850;2342;-3215;-6773;3646;-550
1076747;2;19;2;2140;-989;2390;-3197;-6614;3698;-541
1076757;2;19;2;2140;-1207;2346;-3116;-6357;3542;-569
1076767;2;19;2;2140;-1253;2249;-3174;-6419;3519;-495
1076777;2;19;2;2140;-1388;2239;-3133;-6836;3508;-698
1076787;2;19;2;2140;-1376;2222;-3342;-7677;3825;-781
1076797;2;19;2;2140;-1511;2399;-3257;-8429;4102;-1129
1076807;2;19;2;2140;-1716;2468;-3066;-8651;4595;-1068
1076817;2;19;2;2140;-1822;2565;-2860;-8789;5071;-869
1076827;2;19;2;2140;-1802;2701;-2756;-8906;5540;-720
1076837;2;19;2;2140;-1714;2791;-2614;-9036;5925;-821
1076847;2;19;2;2140;-1628;2985;-2410;-9141;6443;-958
1076857;2;19;2;2140;-1465;3181;-2219;-9096;6742;-1121
1076867;2;19;2;2140;-1202;3464;-1850;-8703;7058;-1452
1076877;2;19;2;2140;-978;3946;-1498;-7422;6936;-2365
1076887;2;19;2;2140;-996;4369;-1356;-5289;6744;-3176
1076897;2;19;2;2140;-1101;4472;-1427;-3177;6529;-3409
1076907;2;19;2;2140;-1353;4219;-1732;-1518;6477;-2954
1076917;2;19;2;2140;-1580;3752;-2172;-817;6607;-2082
1076927;2;19;2;2141;-1613;3429;-2518;-1100;6918;-1030
1076937;2;19;2;2141;-1324;2985;-2503;-2174;7336;-130
1076947;2;19;2;2141;-1043;2770;-2367;-3068;7515;-56
1076957;2;19;2;2141;-872;2618;-2219;-3622;7640;-404
1076967;2;19;2;2141;-702;2641;-2030;-3806;7515;-1191
1076977;2;19;2;2141;-573;2702;-1975;-3649;7206;-2130
1076987;2;19;2;2141;-470;2950;-1948;-3470;7007;-2913
1076997;2;19;2;2141;-456;2866;-1860;-3152;6606;-3580
1077007;2;19;2;2141;-526;2980;-1838;-2738;6285;-4282
1077017;2;19;2;2141;-568;3007;-1866;-2250;5923;-5096
1077027;2;19;2;2141;-805;3170;-1935;-1780;5749;-5824
1077037;2;19;2;2141;-1111;3346;-2013;-1325;5714;-6219
1077047;2;19;2;2141;-1428;3504;-2088;-1050;5804;-6284
1077057;2;19;2;2141;-1539;3680;-2138;-856;6094;-6474
1077067;2;19;2;2141;-1585;3948;-2047;-632;6308;-7043
1077077;2;19;2;2141;-1573;4508;-1927;-191;6517;-7829
1077087;2;19;2;2141;-1623;4784;-1981;183;6574;-8078
1077097;2;19;2;2141;-1629;4704;-2118;-563;6660;-7414
1077107;2;19;2;2141;-1666;4456;-2141;-2292;6844;-6026
1077117;2;19;2;2141;-1679;4196;-1986;-4014;7028;-4581
1077127;2;19;2;2141;-1668;4024;-1850;-5214;7493;-3658
1077137;2;19;2;2141;-1469;4014;-1514;-6203;7764;-3444
1077147;2;19;2;2141;-1349;4231;-1020;-7129;7861;-3435
1077157;2;19;2;2141;-1267;4310;-674;-7480;7994;-3315
1077167;2;19;2;2141;-1094;4323;-288;-6934;7808;-3033
1077177;2;19;2;2141;-1014;4256;58;-5620;7543;-2699
1077187;2;19;2;2141;-954;4133;230;-3679;7150;-2425
1077197;2;19;2;2141;-888;4039;239;-1356;6710;-2345
1077207;2;19;2;2141;-905;4089;86;941;6204;-2289
1077217;2;19;2;2141;-832;4036;-168;2795;5631;-2132
1077227;2;19;2;2141;-715;3879;-525;3810;5088;-2027
1077237;2;19;2;2141;-660;3648;-995;4036;4788;-2105
1077247;2;19;2;2141;-697;3453;-1334;3722;4657;-2403
1077257;2;19;2;2141;-690;3484;-1539;3181;4448;-2631
1077267;2;19;2;2141;-812;3433;-1581;2717;4286;-2223
1077277;2;19;2;2141;-805;3189;-1745;2331;4114;-1623
1077287;2;19;2;2141;-720;2871;-1821;2005;3947;-1650
1077297;2;19;2;2141;-700;2657;-2055;1639;3901;-2326
1077307;2;19;2;2141;-795;2680;-2275;971;3952;-3354
1077317;2;19;2;2141;-1098;2868;-2397;-22;4075;-4119
1077327;2;19;2;2141;-1340;3037;-2534;-1326;4286;-4385
1077337;2;19;2;2141;-1514;3189;-2529;-2723;4691;-4343
1077347;2;19;2;2141;-1622;3273;-2530;-3710;5065;-4386
1077357;2;19;2;2141;-1762;3327;-2534;-4584;5460;-4551
1077367;2;19;2;2141;-1826;3352;-2398;-5302;5950;-4902
1077377;2;19;2;2141;-1963;3371;-2267;-5988;6449;-5236
1077387;2;19;2;2141;-2012;3365;-2118;-6547;6844;-5215
1077397;2;19;2;2141;-2018;3341;-1862;-7155;7059;-4934
1077407;2;19;2;2141;-1985;3296;-1774;-7809;7134;-4632
1077417;2;19;2;2141;-2084;3217;-1800;-8175;7336;-4532
1077427;2;19;2;2142;-2112;3151;-1571;-8441;7569;-4588
1077437;2;19;2;2142;-2119;3245;-1344;-8789;7529;-4643
1077447;2;19;2;2142;-2053;3424;-999;-9430;7085;-4527
1077457;2;19;2;2142;-1900;3717;-888;-9530;6822;-4332
1077467;2;19;2;2142;-1786;3800;-632;-8902;6617;-3880
1077477;2;19;2;2142;-1852;3701;-509;-7979;6247;-3534
1077487;2;19;2;2142;-1938;3601;-590;-6959;5968;-3196
1077497;2;19;2;2142;-1875;3580;-734;-6005;5703;-2834
1077507;2;19;2;2142;-1797;3606;-872;-5546;5480;-2506
1077517;2;19;2;2142;-1794;3704;-927;-5617;5271;-2031
1077527;2;19;2;2142;-1659;3437;-1012;-6240;4999;-1575
1077537;2;19;2;2142;-1419;3269;-973;-6824;4793;-1716
1077547;2;19;2;2142;-1459;3391;-815;-7240;4699;-1820
1077557;2;19;2;2142;-1497;3598;-580;-7396;4460;-1461
1077567;2;19;2;2142;-1435;3767;-548;-7368;4163;-909
1077577;2;19;2;2142;-1228;3563;-342;-6751;4047;-528
1077587;2;19;2;2142;-1083;3658;-59;-5333;3992;-777
1077597;2;19;2;2142;-1053;3849;-18;-3811;3717;-829
1077607;2;19;2;2142;-1110;3765;-201;-2637;3450;-870
1077617;2;19;2;2142;-1241;3726;-435;-1993;3305;-997
1077627;2;19;2;2142;-1340;3814;-618;-1791;3162;-936
1077637;2;19;2;2142;-1320;3722;-701;-1924;3045;-755
1077647;2;19;2;2142;-1337;3800;-743;-2062;2994;-632
1077657;2;19;2;2142;-1343;3785;-698;-2224;2912;-510
1077667;2;19;2;2142;-1313;3672;-641;-2270;2848;-589
1077677;2;19;2;2142;-1319;3731;-582;-2269;2817;-764
1077687;2;19;2;2142;-1283;3762;-533;-2240;2660;-798
1077697;2;19;2;2142;-1299;3826;-462;-2213;2482;-704
1077707;2;19;2;2142;-1238;3842;-380;-2201;2289;-580
1077717;2;19;2;2142;-1167;3901;-293;-2076;2133;-499
1077727;2;19;2;2142;-1111;3940;-267;-1914;1966;-400
1077737;2;19;2;2142;-1110;4013;-314;-1664;1832;-411
1077747;2;19;2;2142;-1235;4009;-382;-1455;1692;-241
1077757;2;19;2;2142;-1345;3987;-493;-1314;1514;74
1077767;2;19;2;2142;-1286;3911;-499;-1207;1409;347
1077777;2;19;2;2142;-1169;3969;-416;-905;1331;275
1077787;2;19;2;2142;-1147;4033;-398;-467;1220;122
1077797;2;19;2;2142;-1143;4018;-543;-69;1091;72
1077807;2;19;2;2142;-1122;3891;-792;120;1081;30
1077817;2;19;2;2142;-1197;3751;-1028;52;1215;-61
1077827;2;19;2;2142;-1214;3686;-1143;-167;1345;-96
1077837;2;19;2;2142;-1238;3666;-1143;-611;1493;-68
1077847;2;19;2;2142;-1201;3693;-1009;-1003;1497;-91
1077857;2;19;2;2142;-1175;3810;-848;-1429;1508;45
1077867;2;19;2;2142;-1216;3748;-666;-1750;1439;87
1077877;2;19;2;2142;-1266;3808;-475;-1735;1472;33
1077887;2;19;2;2142;-1371;3741;-425;-1634;1448;13
1077897;2;19;2;2142;-1352;3713;-323;-1449;1475;-171
1077907;2;19;2;2142;-1246;3796;-329;-1301;1484;-266
1077917;2;19;2;2142;-1210;3799;-293;-1316;1330;-235
1077927;2;19;2;2143;-1132;3842;-306;-1337;1222;-246
1077937;2;19;2;2143;-1116;3851;-385;-1402;1069;-204
1077947;2;19;2;2143;-1082;3863;-371;-1531;889;-133
1077957;2;19;2;2143;-1115;3873;-387;-1559;679;-106
1077967;2;19;2;2143;-1183;3928;-366;-1475;589;-95
1077977;2;19;2;2143;-1187;3941;-303;-1340;496;-29
1077987;2;19;2;2143;-1160;3891;-245;-1168;406;11
1077997;2;19;2;2143;-1157;3841;-241;-939;316;-33
1078007;2;19;2;2143;-1205;3842;-267;-749;233;-141
1078017;2;19;2;2143;-1292;3865;-220;-653;179;-62
1078027;2;19;2;2143;-1223;3879;-194;-473;123;-62
1078037;2;19;2;2143;-1231;3877;-136;-279;58;-36
1078047;2;19;2;2143;-1230;3915;-200;-127;-58;12
1078057;2;19;2;2143;-1213;3904;-255;-60;-133;120
1078067;2;19;2;2143;-1157;3839;-330;-120;-202;186
1078077;2;19;2;2143;-1134;3805;-350;-144;-240;104
1078087;2;19;2;2143;-1095;3789;-354;-112;-263;24
1078097;2;19;2;2143;-1063;3804;-361;-98;-282;-63
1078107;2;19;2;2143;-1063;3878;-250;-26;-326;-164
1078117;2;19;2;2143;-1050;3972;-216;113;-420;-161
1078127;2;19;2;2143;-1053;4020;-130;139;-511;-110
1078137;2;19;2;2143;-1044;4012;-156;44;-624;3
1078147;2;19;2;2143;-1077;3955;-96;-25;-780;160
1078157;2;19;2;2143;-985;3912;-120;-30;-858;191
1078167;2;19;2;2143;-1028;3902;-142;89;-888;99
1078177;2;19;2;2143;-1095;3884;-168;324;-900;75
1078187;2;19;2;2143;-1145;3905;-198;462;-921;144
1078197;2;19;2;2143;-1133;3896;-262;496;-924;234
1078207;2;19;2;2143;-1122;3889;-294;536;-862;283
1078217;2;19;2;2143;-1061;3906;-371;595;-817;280
1078227;2;19;2;2143;-985;3949;-414;507;-780;300
1078237;2;19;2;2143;-912;3969;-456;331;-814;366
1078247;2;19;2;2143;-853;3928;-554;116;-832;415
1078257;2;19;2;2143;-896;3837;-604;-21;-771;322
1078267;2;19;2;2143;-964;3871;-639;-160;-728;295
1078277;2;19;2;2143;-947;3804;-635;-305;-671;334
1078287;2;19;2;2143;-918;3814;-650;-524;-620;271
1078297;2;19;2;2143;-932;3871;-602;-760;-576;185
1078307;2;19;2;2143;-929;3887;-586;-943;-550;166
1078317;2;19;2;2143;-963;3822;-532;-1125;-531;254
1078327;2;19;2;2143;-990;3846;-474;-1264;-545;449
1078337;2;19;2;2143;-1009;3678;-381;-1301;-594;562
1078347;2;19;2;2143;-914;3526;-309;-1315;-530;638
1078357;2;19;2;2143;-797;3567;-212;-1217;-490;506
1078367;2;19;2;2143;-677;3668;-169;-989;-480;374
1078377;2;19;2;2143;-750;3700;-190;-486;-474;307
1078387;2;19;2;2143;-765;3717;-306;14;-479;307
1078397;2;19;2;2143;-756;3821;-464;177;-445;267
1078407;2;19;2;2143;-774;3927;-499;114;-385;314
1078417;2;19;2;2143;-816;4022;-518;-44;-344;343
1078427;2;19;2;2144;-880;4122;-471;-203;-227;299
1078437;2;19;2;2144;-927;4236;-356;-298;-111;342
1078447;2;19;2;2144;-971;4267;-343;-267;33;439
1078457;2;19;2;2144;-991;4251;-366;-202;296;432
1078467;2;19;2;2144;-1092;4213;-345;-90;574;412
1078477;2;19;2;2144;-1030;4133;-347;75;796;427
1078487;2;19;2;2144;-919;4058;-383;175;955;357
1078497;2;19;2;2144;-838;3998;-493;64;1038;359
1078507;2;19;2;2144;-756;3915;-517;-329;1066;337
1078517;2;19;2;2144;-711;3901;-425;-784;1067;204
1078527;2;19;2;2144;-698;3940;-288;-1154;1022;51
1078537;2;19;2;2144;-760;3947;-166;-1351;988;-116
1078547;2;19;2;2144;-805;3944;-65;-1459;1129;-269
1078557;2;19;2;2144;-846;3991;112;-1385;1180;-414
1078567;2;19;2;2144;-860;4059;352;-1070;1177;-356
1078577;2;19;2;2144;-835;4074;534;-508;1157;-283
1078587;2;19;2;2144;-866;4169;592;280;1172;-261
1078597;2;19;2;2144;-872;4142;501;1133;1246;-227
1078607;2;19;2;2144;-776;4061;343;1858;1363;-228
1078617;2;19;2;2144;-696;4024;97;2319;1498;-324
1078627;2;19;2;2144;-683;4030;-123;2392;1585;-187
1078637;2;19;2;2144;-559;3900;-243;2377;1623;-270
1078647;2;19;2;2144;-481;3897;-348;2281;1591;-330
1078657;2;19;2;2144;-542;3801;-496;2104;1642;-417
1078667;2;19;2;2144;-507;3918;-597;1573;1760;-519
1078677;2;19;2;2144;-427;3878;-529;795;1892;-682
1078687;2;19;2;2144;-324;3913;-295;193;1933;-787
1078697;2;19;2;2144;-340;3986;-89;42;1918;-875
1078707;2;19;2;2144;-407;3968;-35;279;1928;-987
1078717;2;19;2;2144;-500;4059;-106;544;1950;-900
1078727;2;19;2;2144;-521;4038;-190;602;1979;-798
1078737;2;19;2;2144;-473;4007;-232;526;2048;-876
1078747;2;19;2;2144;-567;4044;-271;476;2083;-1054
1078757;2;19;2;2144;-735;4005;-361;357;2169;-1161
1078767;2;19;2;2144;-841;4000;-407;218;2253;-1253
1078777;2;19;2;2144;-802;4039;-451;-4;2344;-1293
1078787;2;19;2;2144;-722;4063;-469;-362;2372;-1264
1078797;2;19;2;2144;-607;3978;-477;-783;2322;-1259
1078807;2;19;2;2144;-445;3902;-500;-1235;2213;-1340
1078817;2;19;2;2144;-403;3872;-442;-1640;2133;-1500
1078827;2;19;2;2144;-552;3993;-354;-1860;2050;-1620
1078837;2;19;2;2144;-825;4136;-292;-1948;1956;-1578
1078847;2;19;2;2144;-1153;4310;-258;-1886;2041;-1386
1078857;2;19;2;2144;-1354;4404;-206;-1731;2230;-1149
1078867;2;19;2;2144;-1367;4358;-94;-1426;2452;-954
1078877;2;19;2;2144;-1378;4254;-93;-1115;2643;-898
1078887;2;19;2;2144;-1246;4167;-209;-884;2837;-938
1078897;2;19;2;2144;-1321;4342;-263;-543;3046;-1023
1078907;2;19;2;2144;-1492;4796;-180;417;3046;-753
1078917;2;19;2;2144;-1180;5050;-381;2098;3033;-808
1078927;2;19;2;2145;-749;5162;-903;3455;3060;-1220
1078937;2;19;2;2145;-333;5002;-1581;3842;2950;-1442
1078947;2;19;2;2145;-95;4347;-2087;3491;2727;-1695
1078957;2;19;2;2145;-95;3955;-2522;2830;2402;-1998
1078967;2;19;2;2145;-339;3673;-2925;1533;2090;-2261
1078977;2;19;2;2145;-699;3700;-3122;-1326;2040;-2042
1078987;2;19;2;2145;-887;3789;-2794;-4993;2384;-1831
1078997;2;19;2;2145;-1102;3802;-1602;-7412;2959;-1760
1079007;2;19;2;2145;-1114;3593;-254;-7183;3310;-1624
1079017;2;19;2;2145;-951;3193;325;-4757;3251;-1431
1079027;2;19;2;2145;-851;2857;-68;-2381;3099;-1337
1079037;2;19;2;2145;-753;2664;-595;-1419;3163;-1272
1079047;2;19;2;2145;-619;2819;-859;-1297;3397;-1371
1079057;2;19;2;2145;-486;3106;-992;-915;3700;-1727
1079067;2;19;2;2145;-457;3581;-1218;-110;4029;-2154
1079077;2;19;2;2145;-554;3990;-1393;820;4341;-2442
1079087;2;19;2;2145;-693;4320;-1620;1713;4689;-2541
1079097;2;19;2;2145;-766;4385;-1884;2498;5037;-2552
1079107;2;19;2;2145;-753;4302;-2168;3111;5427;-2599
1079117;2;19;2;2145;-761;4151;-2486;2960;5743;-2608
1079127;2;19;2;2145;-794;4055;-2735;1844;6005;-2520
1079137;2;19;2;2145;-852;4040;-2710;22;6262;-2438
1079147;2;19;2;2145;-967;3999;-2350;-1909;6449;-2308
1079157;2;19;2;2145;-1093;3858;-1750;-3323;6556;-2106
1079167;2;19;2;2145;-1162;3649;-1118;-3910;6622;-1999
1079177;2;19;2;2145;-1174;3484;-640;-3858;6520;-2082
1079187;2;19;2;2145;-1181;3387;-393;-3390;6353;-2218
1079197;2;19;2;2145;-1249;3318;-427;-2813;6260;-2300
1079207;2;19;2;2145;-1348;3281;-464;-2477;6300;-2333
1079217;2;19;2;2145;-1323;3315;-473;-2317;6267;-2205
1079227;2;19;2;2145;-1216;3370;-518;-2120;6196;-2090
1079237;2;19;2;2145;-1044;3528;-640;-1967;6144;-2144
1079247;2;19;2;2145;-897;3670;-809;-1878;6106;-2261
1079257;2;19;2;2145;-868;3746;-917;-1759;6049;-2334
1079267;2;19;2;2145;-928;3863;-1143;-1620;5960;-2316
1079277;2;19;2;2145;-999;3931;-1351;-1679;5921;-2190
1079287;2;19;2;2145;-1046;3908;-1519;-1935;6011;-2037
1079297;2;19;2;2145;-1054;3826;-1562;-2168;6182;-1990
1079307;2;19;2;2145;-1073;3798;-1494;-2288;6362;-2058
1079317;2;19;2;2145;-1102;3832;-1395;-2251;6476;-2102
1079327;2;19;2;2145;-1128;3793;-1321;-2279;6487;-2027
1079337;2;19;2;2145;-1110;3732;-1274;-2396;6425;-1974
1079347;2;19;2;2145;-1116;3671;-1237;-2632;6359;-1968
1079357;2;19;2;2145;-1137;3626;-1190;-2849;6299;-1996
1079367;2;19;2;2145;-1182;3587;-1137;-3038;6300;-2079
1079377;2;19;2;2145;-1243;3601;-1046;-3113;6321;-2187
1079387;2;19;2;2145;-1296;3629;-975;-3029;6325;-2231
1079397;2;19;2;2145;-1242;3653;-974;-2967;6287;-2189
1079407;2;19;2;2145;-1189;3642;-989;-2950;6205;-2111
1079417;2;19;2;2145;-1136;3624;-1005;-2945;6096;-2076
1079427;2;19;2;2146;-1138;3637;-1014;-2902;6006;-2025
1079437;2;19;2;2146;-1129;3683;-1016;-2882;5896;-1934
1079447;2;19;2;2146;-1132;3733;-1006;-2852;5799;-1838
1079457;2;19;2;2146;-1127;3744;-951;-2782;5703;-1726
1079467;2;19;2;2146;-1141;3771;-945;-2680;5650;-1713
1079477;2;19;2;2146;-1174;3807;-898;-2577;5630;-1690
1079487;2;19;2;2146;-1169;3803;-872;-2529;5605;-1653
1079497;2;19;2;2146;-1185;3793;-828;-2439;5579;-1623
1079507;2;19;2;2146;-1198;3753;-771;-2311;5523;-1587
1079517;2;19;2;2146;-1256;3739;-774;-2166;5469;-1496
1079527;2;19;2;2146;-1292;3682;-762;-2104;5351;-1479
1079537;2;19;2;2146;-1260;3728;-762;-2084;5270;-1433
1079547;2;19;2;2146;-1268;3732;-676;-2072;5153;-1323
1079557;2;19;2;2146;-1202;3768;-592;-1916;4977;-1332
1079567;2;19;2;2146;-1279;3788;-591;-1635;4787;-1420
1079577;2;19;2;2146;-1401;3757;-777;-1507;4615;-1354
1079587;2;19;2;2146;-1481;3670;-962;-1624;4485;-1199
1079597;2;19;2;2146;-1548;3621;-1067;-1847;4371;-959
1079607;2;19;2;2146;-1527;3625;-1073;-2051;4289;-733
1079617;2;19;2;2146;-1504;3681;-1118;-2243;4278;-642
1079627;2;19;2;2146;-1426;3735;-1051;-2532;4214;-544
1079637;2;19;2;2146;-1362;3782;-895;-2835;4063;-438
1079647;2;19;2;2146;-1349;3816;-804;-2995;3805;-299
1079657;2;19;2;2146;-1384;3785;-743;-3219;3626;-195
1079667;2;19;2;2146;-1432;3916;-641;-3461;3318;10
1079677;2;19;2;2146;-1340;4197;-339;-3234;2906;387
1079687;2;19;2;2146;-1028;4720;-48;-1795;2820;331
1079697;2;19;2;2146;-972;5224;83;351;2779;-416
1079707;2;19;2;2146;-1112;5143;-398;2188;2512;-758
1079717;2;19;2;2146;-1040;4206;-1478;3017;2298;-815
1079727;2;19;2;2146;-1164;3509;-2150;2864;2053;-1099
1079737;2;19;2;2146;-1500;3105;-2829;1940;1682;-916
1079747;2;19;2;2146;-1732;2939;-3317;56;1521;-530
1079757;2;19;2;2146;-1757;2974;-3396;-2760;1790;-276
1079767;2;19;2;2146;-1673;3122;-2781;-5625;2281;-164
1079777;2;19;2;2146;-1489;3278;-1762;-7296;2776;-282
1079787;2;19;2;2146;-1396;3515;-767;-7138;3086;-515
1079797;2;19;2;2146;-1305;3849;11;-5324;3096;-603
1079807;2;19;2;2146;-1283;3959;305;-2832;2699;-355
1079817;2;19;2;2146;-1126;3943;17;-696;2235;-47
1079827;2;19;2;2146;-976;3763;-476;649;1885;66
1079837;2;19;2;2146;-886;3719;-756;1164;1484;172
1079847;2;19;2;2146;-887;3844;-836;1462;873;324
1079857;2;19;2;2146;-946;3979;-917;1820;279;462
1079867;2;19;2;2146;-1095;4173;-1191;1995;-231;572
1079877;2;19;2;2146;-1332;4319;-1534;1689;-508;832
1079887;2;19;2;2146;-1409;4288;-1716;934;-538;1098
1079897;2;19;2;2146;-1343;3900;-1691;-9;-474;1172
1079907;2;19;2;2146;-1119;3722;-1429;-776;-601;1158
1079917;2;19;2;2146;-915;3498;-1162;-1226;-953;1192
1079927;2;19;2;2147;-737;3348;-1002;-1509;-1461;1182
1079937;2;19;2;2147;-773;3351;-860;-1729;-1970;1124
1079947;2;19;2;2147;-853;3381;-782;-1805;-2420;1305
1079957;2;19;2;2147;-882;3280;-652;-1643;-2763;1148
1079967;2;19;2;2147;-896;3449;-593;-1255;-3037;1060
1079977;2;19;2;2147;-866;3517;-565;-864;-3278;1112
1079987;2;19;2;2147;-812;3528;-618;-425;-3511;1089
1079997;2;19;2;2147;-837;3552;-658;78;-3726;1121
1080007;2;19;2;2147;-828;3627;-720;623;-3945;1158
1080017;2;19;2;2147;-834;3741;-862;1063;-4194;1264
1080027;2;19;2;2147;-904;3779;-1000;1318;-4430;1460
1080037;2;19;2;2147;-946;3815;-1081;1352;-4646;1538
1080047;2;19;2;2147;-964;3917;-1205;1203;-4876;1708
1080057;2;19;2;2147;-930;3972;-1188;880;-5139;1943
1080067;2;19;2;2147;-844;3878;-1143;498;-5499;2111
1080077;2;19;2;2147;-761;3874;-1019;203;-5889;2069
1080087;2;19;2;2147;-772;3945;-851;167;-6255;1931
1080097;2;19;2;2147;-797;3915;-719;210;-6688;1694
1080107;2;19;2;2147;-822;3997;-713;290;-7104;1597
1080117;2;19;2;2147;-876;3970;-643;492;-7419;1563
1080127;2;19;2;2147;-862;3954;-603;870;-7682;1459
1080137;2;19;2;2147;-855;3903;-624;1238;-7906;1371
1080147;2;19;2;2147;-802;3694;-584;1563;-8235;1340
1080157;2;19;2;2147;-857;3580;-601;1944;-8564;1253
1080167;2;19;2;2147;-859;3494;-715;2183;-8873;1045
1080177;2;19;2;2147;-943;3554;-741;2282;-9123;800
1080187;2;19;2;2147;-979;3575;-776;2481;-9338;671
1080197;2;19;2;2147;-932;3633;-855;2582;-9490;547
1080207;2;19;2;2147;-795;3623;-862;2591;-9678;457
1080217;2;19;2;2147;-687;3536;-857;2749;-10017;352
1080227;2;19;2;2147;-620;3573;-977;3152;-10394;330
1080237;2;19;2;2147;-628;3458;-1100;3411;-10615;305
1080247;2;19;2;2147;-653;3560;-1180;3737;-10769;215
1080257;2;19;2;2147;-701;3598;-1230;4183;-10852;182
1080267;2;19;2;2147;-720;3707;-1371;4436;-10876;60
1080277;2;19;2;2147;-684;3770;-1418;4617;-10853;-103
1080287;2;19;2;2147;-700;3854;-1418;4941;-10798;-203
1080297;2;19;2;2147;-630;3964;-1467;5289;-10808;-128
1080307;2;19;2;2147;-537;3850;-1494;5546;-10769;93
1080317;2;19;2;2147;-481;3692;-1463;5688;-10795;139
1080327;2;19;2;2147;-540;3711;-1444;5801;-10851;344
1080337;2;19;2;2147;-602;3722;-1414;5843;-10938;531
1080347;2;19;2;2147;-675;3807;-1569;5758;-10918;598
1080357;2;19;2;2147;-882;3867;-1647;5548;-10626;635
1080367;2;19;2;2147;-1222;4094;-1698;5286;-10184;603
1080377;2;19;2;2147;-1559;4617;-1568;4952;-9718;851
1080387;2;19;2;2147;-1730;4699;-1566;5287;-9194;1244
1080397;2;19;2;2147;-1699;4413;-2068;5444;-8400;1187
1080407;2;19;2;2147;-1737;3960;-2245;4967;-7612;1051
1080417;2;19;2;2147;-1635;3736;-2208;4580;-7086;1044
1080427;2;19;2;2148;-1626;3682;-2156;4068;-6695;1034
1080437;2;19;2;2148;-1895;3726;-1802;3270;-6232;965
1080447;2;19;2;2148;-2163;3711;-1391;2749;-5613;814
1080457;2;19;2;2148;-2258;3628;-924;2695;-5025;695
1080467;2;19;2;2148;-2097;3490;-508;2762;-4712;709
1080477;2;19;2;2148;-1861;3409;-184;2761;-4659;661
1080487;2;19;2;2148;-1614;3462;51;2629;-4795;472
1080497;2;19;2;2148;-1598;3568;90;2577;-5112;284
1080507;2;19;2;2148;-1706;3673;-3;2563;-5378;255
1080517;2;19;2;2148;-1947;3762;-263;2579;-5555;358
1080527;2;19;2;2148;-1992;3791;-568;2551;-5433;531
1080537;2;19;2;2148;-1920;3740;-871;2546;-5158;552
1080547;2;19;2;2148;-1821;3567;-1067;2443;-4792;679
1080557;2;19;2;2148;-1635;3432;-1218;2413;-4387;716
1080567;2;19;2;2148;-1503;3397;-1278;2412;-3971;627
1080577;2;19;2;2148;-1344;3373;-1193;2461;-3620;580
1080587;2;19;2;2148;-1251;3335;-1096;2652;-3356;562
1080597;2;19;2;2148;-1254;3292;-997;2887;-3050;516
1080607;2;19;2;2148;-1237;3315;-941;3113;-2714;463
1080617;2;19;2;2148;-1189;3291;-941;3284;-2374;405
1080627;2;19;2;2148;-1149;3247;-883;3430;-2051;381
1080637;2;19;2;2148;-1043;3155;-904;3573;-1818;386
1080647;2;19;2;2148;-1073;3078;-1093;3717;-1567;532
1080657;2;19;2;2148;-1141;2741;-1255;3771;-1304;752
1080667;2;19;2;2148;-1161;2455;-1500;3640;-948;792
1080677;2;19;2;2148;-1196;2262;-1636;3377;-500;744
1080687;2;19;2;2148;-1118;2201;-1619;3180;-77;590
1080697;2;19;2;2148;-1005;2278;-1522;3218;292;361
1080707;2;19;2;2148;-891;2478;-1433;3370;643;248
1080717;2;19;2;2148;-782;2581;-1413;3448;890;281
1080727;2;19;2;2148;-634;2464;-1522;3423;1084;397
1080737;2;19;2;2148;-628;2179;-1612;3370;1319;563
1080747;2;19;2;2148;-495;1808;-1587;3297;1521;665
1080757;2;19;2;2148;-409;1519;-1501;3274;1635;694
1080767;2;19;2;2148;-337;1212;-1243;3293;1652;740
1080777;2;19;2;2148;-170;853;-848;3453;1604;737
1080787;2;19;2;2148;-28;435;-310;4261;1437;678
1080797;2;19;2;2148;18;129;-7;5334;1111;609
1080807;2;19;2;2148;295;-47;386;6158;743;734
1080817;2;19;2;2148;620;75;559;6530;175;953
1080827;2;19;2;2148;743;-179;611;6569;-427;1103
1080837;2;19;2;2148;452;-176;285;6434;-689;762
1080847;2;19;2;2148;-4;101;-134;6102;-573;625
1080857;2;19;2;2148;-125;546;-529;5379;-141;658
1080867;2;19;2;2148;-223;801;-746;4794;651;1005
1080877;2;19;2;2148;-26;1181;-835;4594;1680;1279
1080887;2;19;2;2148;-28;1418;-870;4712;2705;1347
1080897;2;19;2;2148;-20;1745;-976;4965;3705;1710
1080907;2;19;2;2148;64;2051;-1132;5447;4283;2381
1080917;2;19;2;2148;43;1978;-1102;6367;4355;3070
1080927;2;19;2;2149;76;1814;-1341;7597;4009;3284
1080937;2;19;2;2149;-180;1792;-1677;8071;3587;2916
1080947;2;19;2;2149;-477;2138;-1926;7347;3247;2461
1080957;2;19;2;2149;-726;2396;-1695;6266;2920;2401
1080967;2;19;2;2149;-1042;2765;-1661;5336;2590;2688
1080977;2;19;2;2149;-988;2982;-1693;4151;2297;2888
1080987;2;19;2;2149;-863;2980;-1640;3280;2028;2756
1080997;2;19;2;2149;-776;3120;-1610;2117;1604;2557
1081007;2;19;2;2149;-732;3108;-2100;1225;1047;2541
1081017;2;19;2;2149;-847;2859;-2772;704;632;2322
1081027;2;19;2;2149;-756;2724;-3481;696;216;1420
1081037;2;19;2;2149;-597;3078;-3884;639;-349;680
1081047;2;19;2;2149;-318;3828;-4043;407;-1117;545
1081057;2;19;2;2149;93;4342;-3943;-91;-1958;767
1081067;2;19;2;2149;517;4485;-4043;-772;-2678;597
1081077;2;19;2;2149;491;4711;-4282;-1739;-3294;352
1081087;2;19;2;2149;302;4614;-4118;-2126;-3900;259
1081097;2;19;2;2149;117;4257;-4153;-2077;-4338;-91
1081107;2;19;2;2149;-197;3999;-4186;-2017;-4701;-1037
1081117;2;19;2;2149;-545;3979;-4071;-1252;-5142;-1607
1081127;2;19;2;2149;-978;4160;-4227;138;-5296;-2064
1081137;2;19;2;2149;-1199;4399;-4511;820;-5238;-2701
1081147;2;19;2;2149;-978;4349;-4814;643;-5443;-3058
1081157;2;19;2;2149;-202;4155;-5437;-156;-6198;-3273
1081167;2;19;2;2149;489;3859;-6389;-804;-7377;-4061
1081177;2;19;2;2149;-15;4535;-6766;-1925;-8093;-4973
1081187;2;19;2;2149;-969;4590;-5117;-3396;-8031;-5278
1081197;2;19;2;2149;-1122;4075;-3424;-3831;-7996;-5845
1081207;2;19;2;2149;-1011;3859;-2765;-3992;-8265;-6309
1081217;2;19;2;2149;-716;3550;-2781;-3835;-8931;-6390
1081227;2;19;2;2149;-174;2545;-3342;-3599;-9854;-6739
1081237;2;19;2;2149;-430;1790;-3919;-3499;-10476;-7138
1081247;2;19;2;2149;-896;776;-4055;-3126;-10258;-7558
1081257;2;19;2;2149;-1441;993;-3829;-1662;-9443;-7843
1081267;2;19;2;2149;-1427;2077;-4177;-278;-8598;-7719
1081277;2;19;2;2149;-2543;3372;-6111;-249;-7240;-8556
1081287;2;19;2;2149;-3678;5146;-7339;-1000;-6607;-8802
1081297;2;19;2;2149;-6490;7267;-8081;-2109;-7388;-6565
1081307;2;19;2;2149;-8568;10550;-7961;-2960;-7731;-3663
1081317;2;19;2;2149;-9592;14186;-7036;-3301;-9931;-1394
1081327;2;19;2;2149;-8333;12475;-11072;-13053;-8616;-5400
1081337;2;19;2;2149;-11792;10529;-7067;-32768;420;-9289
1081347;2;19;2;2149;-9312;2447;11633;-30068;6615;-1369
1081357;2;19;2;2149;-3577;-2727;10380;-5329;6487;-5807
1081367;2;19;2;2149;600;-8758;2081;5159;2924;-11843
1081377;2;19;2;2149;5446;-11702;691;-5425;-2006;-12889
1081387;2;19;2;2149;2411;-7195;5340;1534;-5937;-17202
1081397;2;19;2;2149;-1319;-2392;1926;10380;-8202;-20301
1081407;2;19;2;2149;-5094;4059;1616;12286;-9819;-16344
1081417;2;19;2;2149;-5053;6839;-1137;13755;-10120;-8735
1081427;2;19;2;2150;-1951;5904;-4625;10559;-6713;-4694
1081437;2;19;2;2150;-826;3331;-5644;2150;-2342;-5533
1081447;2;19;2;2150;-2002;582;-3331;-7496;1142;-6732
1081457;2;19;2;2150;-2840;-1131;400;-11079;1964;-6247
1081467;2;19;2;2150;-3490;-1236;1729;-9561;831;-5646
1081477;2;19;2;2150;-3935;-1000;831;-7254;-116;-6148
1081487;2;19;2;2150;-4342;-50;375;-7997;-581;-6532
1081497;2;19;2;2150;-4384;571;1061;-9343;-956;-6262
1081507;2;19;2;2150;-4788;970;1996;-9687;-1499;-5824
1081517;2;19;2;2150;-5043;203;1804;-9092;-1863;-5573
1081527;2;19;2;2150;-5865;-66;549;-8604;-1840;-5874
1081537;2;19;2;2150;-6209;937;-767;-7852;-1465;-5987
1081547;2;19;2;2150;-6085;1997;-1512;-6488;-1026;-5061
1081557;2;19;2;2150;-5898;2399;-1690;-6379;-207;-3620
1081567;2;19;2;2150;-5456;1878;-906;-6353;807;-2251
1081577;2;19;2;2150;-5501;986;729;-5017;1418;-1408
1081587;2;19;2;2150;-5913;266;1350;-2713;1933;-1238
1081597;2;19;2;2150;-6281;4;1512;-1145;2385;-1608
1081607;2;19;2;2150;-5699;256;620;-1196;2716;-2259
1081617;2;19;2;2150;-6210;818;-484;-1562;2722;-3655
1081627;2;19;2;2150;-5790;491;-955;-86;1656;-3390
1081637;2;19;2;2150;-5150;-8;-1711;2667;581;-4261
1081647;2;19;2;2150;-4612;110;-2367;3332;-1003;-4843
1081657;2;19;2;2150;-4409;286;-2086;2339;-2343;-4799
1081667;2;19;2;2150;-4397;761;-1686;1595;-3648;-4117
1081677;2;19;2;2150;-3683;638;-1407;81;-4593;-3003
1081687;2;19;2;2150;-2605;347;-650;-886;-5447;-3120
1081697;2;19;2;2150;-1858;258;370;338;-6565;-3939
1081707;2;19;2;2150;-1641;178;896;3174;-8048;-4473
1081717;2;19;2;2150;-2420;-18;418;5482;-9335;-4278
1081727;2;19;2;2150;-2833;-54;-202;5497;-9963;-4139
1081737;2;19;2;2150;-3749;387;-879;3579;-9609;-3785
1081747;2;19;2;2150;-4030;503;-1228;1103;-8895;-3275
1081757;2;19;2;2150;-4746;645;-1310;-659;-7578;-3141
1081767;2;19;2;2150;-4704;473;-1194;-1722;-6280;-2679
1081777;2;19;2;2150;-4019;295;-928;-2312;-5232;-2530
1081787;2;19;2;2150;-3327;197;-763;-3444;-4605;-2568
1081797;2;19;2;2150;-2872;-112;-423;-5186;-4242;-2576
1081807;2;19;2;2150;-2615;-503;1142;-6098;-4310;-2836
1081817;2;19;2;2150;-2993;-666;2780;-3816;-4744;-3087
1081827;2;19;2;2150;-4455;-799;2363;-299;-5079;-2503
1081837;2;19;2;2150;-6027;-1030;1293;-503;-4129;-1262
1081847;2;19;2;2150;-6792;-888;672;-1503;-2978;-30
1081857;2;19;2;2150;-7057;-845;315;-2036;-1782;-179
1081867;2;19;2;2150;-5791;-583;495;-1179;-1026;-1149
1081877;2;19;2;2150;-4512;-996;669;-397;-1193;-2604
1081887;2;19;2;2150;-4022;-1298;1244;199;-1717;-3449
1081897;2;19;2;2150;-3780;-1509;1091;98;-2355;-3510
1081907;2;19;2;2150;-3791;-1531;982;-705;-2917;-3267
1081917;2;19;2;2150;-3980;-1453;1170;-953;-3261;-2803
1081927;2;19;2;2151;-3924;-1477;1213;-184;-3502;-2064
1081937;2;19;2;2151;-3919;-1592;1026;585;-3311;-1369
1081947;2;19;2;2151;-3594;-1445;931;755;-2826;-1050
1081957;2;19;2;2151;-3232;-1081;794;288;-2135;-841
1081967;2;19;2;2151;-3239;-778;997;-504;-1488;-555
1081977;2;19;2;2151;-3201;-570;1484;-534;-1004;319
1081987;2;19;2;2151;-2959;-840;1592;62;-650;1351
1081997;2;19;2;2151;-2928;-1374;1516;373;-274;1922
1082007;2;19;2;2151;-2905;-1774;1593;547;60;1656
1082017;2;19;2;2151;-2871;-1697;1575;835;331;782
1082027;2;19;2;2151;-2958;-1671;1643;1056;348;28
1082037;2;19;2;2151;-3809;-918;1433;1725;799;-152
1082047;2;19;2;2151;-3669;-514;1392;2245;951;642
1082057;2;19;2;2151;-3126;-580;1330;2471;991;787
1082067;2;19;2;2151;-3226;-477;1374;2335;783;298
1082077;2;19;2;2151;-3951;-39;1504;2279;767;437
1082087;2;19;2;2151;-4426;186;1546;2472;706;855
1082097;2;19;2;2151;-4551;519;1251;2776;755;1387
1082107;2;19;2;2151;-4339;354;1057;2912;900;1861
1082117;2;19;2;2151;-4157;-172;1060;3210;886;1789
1082127;2;19;2;2151;-3749;-43;1230;4006;403;2256
1082137;2;19;2;2151;-3987;-743;976;5006;-219;2840
1082147;2;19;2;2151;-4222;-1102;358;5190;-374;2333
1082157;2;19;2;2151;-4398;-483;171;4341;-192;1743
1082167;2;19;2;2151;-4709;-211;216;3377;-230;2023
1082177;2;19;2;2151;-5037;-212;29;2116;176;1768
1082187;2;19;2;2151;-4985;-14;12;818;723;1632
1082197;2;19;2;2151;-4899;-158;172;-266;1019;1998
1082207;2;19;2;2151;-4756;-322;372;-881;1061;2550
1082217;2;19;2;2151;-4471;-324;514;-641;884;3002
1082227;2;19;2;2151;-4284;-531;469;-172;752;3294
1082237;2;19;2;2151;-4255;-338;409;109;630;3309
1082247;2;19;2;2151;-4022;-175;345;273;476;3365
1082257;2;19;2;2151;-3971;-50;332;520;342;3276
1082267;2;19;2;2151;-4134;146;89;437;310;3391
1082277;2;19;2;2151;-4220;329;-67;25;447;3517
1082287;2;19;2;2151;-4481;579;-48;-294;774;3877
1082297;2;19;2;2151;-4454;608;315;-324;1131;4509
1082307;2;19;2;2151;-4207;455;666;97;1345;4682
1082317;2;19;2;2151;-4231;618;1072;930;1480;4862
1082327;2;19;2;2151;-4025;683;1273;1760;1501;5192
1082337;2;19;2;2151;-3915;745;1338;2397;1486;5219
1082347;2;19;2;2151;-3975;877;1437;3038;1444;5055
1082357;2;19;2;2151;-3986;863;1348;4008;1401;5123
1082367;2;19;2;2151;-4079;950;1211;5095;1372;5355
1082377;2;19;2;2151;-4128;914;1116;6111;1439;5583
1082387;2;19;2;2151;-3911;895;1107;7381;1458;5707
1082397;2;19;2;2151;-3848;1046;1087;8718;1586;5806
1082407;2;19;2;2151;-3742;1177;695;10062;1744;6000
1082417;2;19;2;2151;-3474;1228;506;10550;1848;6266
1082427;2;19;2;2152;-3225;1233;241;10060;1895;6220
1082437;2;19;2;2152;-3287;1425;141;9492;2102;6262
1082447;2;19;2;2152;-3324;1453;45;9093;2367;6367
1082457;2;19;2;2152;-3336;1551;-70;9009;2550;6310
1082467;2;19;2;2152;-3363;1509;-142;8846;2791;5924
1082477;2;19;2;2152;-3180;1509;-285;8161;3003;5160
1082487;2;19;2;2152;-3452;1506;-418;6745;3160;4280
1082497;2;19;2;2152;-3632;1717;-373;5087;3331;3749
1082507;2;19;2;2152;-3793;1803;-312;3772;3538;3736
1082517;2;19;2;2152;-3915;1814;-286;3175;3669;4115
1082527;2;19;2;2152;-3711;1836;-460;2960;3836;4495
1082537;2;19;2;2152;-3408;1966;-465;3097;3965;5343
1082547;2;19;2;2152;-3364;1404;-784;2888;4069;5355
1082557;2;19;2;2152;-3199;1552;-891;2585;4306;4764
1082567;2;19;2;2152;-3013;1651;-723;2309;4439;4608
1082577;2;19;2;2152;-2841;1631;-403;2395;4482;4530
1082587;2;19;2;2152;-2898;1826;-155;3152;4299;4321
1082597;2;19;2;2152;-3034;2088;-182;4252;4144;4251
1082607;2;19;2;2152;-3149;2424;-365;5231;4111;4172
1082617;2;19;2;2152;-3328;2598;-535;6125;4155;4227
1082627;2;19;2;2152;-3488;2475;-686;6934;4390;4462
1082637;2;19;2;2152;-3410;2292;-799;7821;4768;4630
1082647;2;19;2;2152;-3127;2321;-738;8547;5188;4852
1082657;2;19;2;2152;-2695;2444;-532;9705;5389;5163
1082667;2;19;2;2152;-2027;1914;-537;10404;5137;4904
1082677;2;19;2;2152;-1605;1974;-1047;9881;4833;4113
1082687;2;19;2;2152;-1206;1908;-1315;8099;4419;3723
1082697;2;19;2;2152;-297;460;-2340;2546;2913;1943
1082707;2;19;2;2152;-405;1352;-3261;-4018;3274;143
1082717;2;19;2;2152;-879;2023;-2603;-7265;3211;251
1082727;2;19;2;2152;-1661;2709;-1668;-7876;2679;888
1082737;2;19;2;2152;-1956;3048;-1542;-5068;1592;1513
1082747;2;19;2;2152;-2255;3409;-1747;-1102;1373;1952
1082757;2;19;2;2152;-2651;3807;-2083;2761;1263;2353
1082767;2;19;2;2152;-2993;3966;-2532;4623;1404;2715
1082777;2;19;2;2152;-3120;3597;-2846;4513;1896;2530
1082787;2;19;2;2152;-3098;3295;-3036;2844;2854;1435
1082797;2;19;2;2152;-2930;2913;-2392;650;3330;536
1082807;2;19;2;2152;-2734;2728;-1794;-932;3522;96
1082817;2;19;2;2152;-2783;2752;-1408;-1238;3463;126
1082827;2;19;2;2152;-2866;2590;-972;-631;2992;982
1082837;2;19;2;2152;-3262;2131;-1173;77;2595;1630
1082847;2;19;2;2152;-3846;1842;-1790;704;2948;1924
1082857;2;19;2;2152;-4159;1866;-2220;600;3981;1714
1082867;2;19;2;2152;-3763;2542;-1923;-106;5273;1323
1082877;2;19;2;2152;-3257;3238;-940;-72;5967;1410
1082887;2;19;2;2152;-2785;3739;-126;986;5789;2163
1082897;2;19;2;2152;-1900;3367;187;2596;4996;3361
1082907;2;19;2;2152;-1110;1922;-221;4432;3948;3328
1082917;2;19;2;2152;-962;1242;-720;6017;2668;2008
1082927;2;19;2;2153;-1415;1299;-1576;7175;1393;689
1082937;2;19;2;2153;-2375;1543;-2792;7012;396;-187
1082947;2;19;2;2153;-3230;2062;-3943;4647;231;-220
1082957;2;19;2;2153;-3637;2847;-3991;1046;695;420
1082967;2;19;2;2153;-3560;3233;-3377;-2119;1262;1219
1082977;2;19;2;2153;-3257;3142;-2463;-2664;1939;1484
1082987;2;19;2;2153;-2977;2711;-1479;-505;2154;1565
1082997;2;19;2;2153;-2395;2067;-993;3755;1880;1094
1083007;2;19;2;2153;-1769;1851;-1235;8304;1360;407
1083017;2;19;2;2153;-1499;1567;-2205;11537;769;-114
1083027;2;19;2;2153;-1704;1170;-2905;12565;595;-821
1083037;2;19;2;2153;-1827;1116;-3397;11490;385;-1431
1083047;2;19;2;2153;-2251;1049;-3784;9620;191;-1479
1083057;2;19;2;2153;-2784;1120;-3886;7938;244;-886
1083067;2;19;2;2153;-3076;1630;-3942;7125;484;188
1083077;2;19;2;2153;-3243;2367;-4036;6693;363;1302
1083087;2;19;2;2153;-3619;3015;-4268;6409;470;1909
1083097;2;19;2;2153;-3686;3268;-4304;5980;812;2171
1083107;2;19;2;2153;-3376;3214;-4230;4863;1218;2103
1083117;2;19;2;2153;-2963;2788;-3934;2869;1518;2084
1083127;2;19;2;2153;-2625;2358;-3815;623;1525;2468
1083137;2;19;2;2153;-2329;1783;-3538;-1597;1104;3190
1083147;2;19;2;2153;-2262;1458;-3349;-2923;712;3478
1083157;2;19;2;2153;-2040;1317;-3142;-3796;624;3165
1083167;2;19;2;2153;-1782;1231;-2726;-4358;545;2515
1083177;2;19;2;2153;-1612;1246;-2421;-4388;405;1551
1083187;2;19;2;2153;-1580;1398;-2313;-4074;227;893
1083197;2;19;2;2153;-1694;1197;-2372;-3594;-2;380
1083207;2;19;2;2153;-1560;725;-2928;-2673;27;-598
1083217;2;19;2;2153;-1723;952;-3386;-2024;364;-1808
1083227;2;19;2;2153;-1897;880;-3280;-1485;638;-2577
1083237;2;19;2;2153;-1946;990;-2741;-688;1065;-3387
1083247;2;19;2;2153;-1897;1346;-2511;-540;1258;-3401
1083257;2;19;2;2153;-1736;1532;-2215;-533;1312;-3010
1083267;2;19;2;2153;-1558;1704;-2235;-266;1200;-2672
1083277;2;19;2;2153;-1100;1838;-2374;72;1197;-2710
1083287;2;19;2;2153;-709;1912;-2429;334;1075;-2979
1083297;2;19;2;2153;-671;1919;-2601;548;904;-3323
1083307;2;19;2;2153;-597;1919;-2850;672;773;-3359
1083317;2;19;2;2153;-628;1846;-3016;460;631;-2959
1083327;2;19;2;2153;-977;1908;-3183;-125;691;-2291
1083337;2;19;2;2153;-1109;2040;-3215;-388;812;-1766
1083347;2;19;2;2153;-1184;2617;-3472;-455;1027;-1439
1083357;2;19;2;2153;-1390;3072;-3652;-368;1291;-962
1083367;2;19;2;2153;-1599;3203;-3797;-285;1511;-365
1083377;2;19;2;2153;-1783;3396;-3751;-200;1696;174
1083387;2;19;2;2153;-1833;3340;-4008;-393;1738;832
1083397;2;19;2;2153;-1807;3484;-3926;-1501;1853;1877
1083407;2;19;2;2153;-1536;3087;-3370;-2360;1639;2828
1083417;2;19;2;2153;-1134;2628;-2781;-2741;1120;3188
1083427;2;19;2;2154;-1074;2342;-2525;-3281;578;3322
1083437;2;19;2;2154;-1290;2288;-2464;-3076;-279;3359
1083447;2;19;2;2154;-1328;2254;-2459;-1842;-891;3227
1083457;2;19;2;2154;-1582;2392;-2840;-548;-1286;3134
1083467;2;19;2;2154;-1826;2256;-3308;55;-1375;3199
1083477;2;19;2;2154;-1901;1942;-3683;8;-1163;2850
1083487;2;19;2;2154;-2410;2302;-4283;-315;-684;2414
1083497;2;19;2;2154;-2408;2493;-4419;-1463;-208;3068
1083507;2;19;2;2154;-2374;2571;-4346;-2559;307;3196
1083517;2;19;2;2154;-2111;2288;-3808;-3234;532;3031
1083527;2;19;2;2154;-2158;2178;-3632;-3022;552;2318
1083537;2;19;2;2154;-2244;2451;-3762;-2880;405;2050
1083547;2;19;2;2154;-2212;2472;-3841;-3191;371;2015
1083557;2;19;2;2154;-2384;2681;-3787;-3448;333;1899
1083567;2;19;2;2154;-2648;2995;-3788;-3649;287;2137
1083577;2;19;2;2154;-2646;3056;-3780;-3841;159;2522
1083587;2;19;2;2154;-2734;3386;-3921;-4125;45;2888
1083597;2;19;2;2154;-2685;3550;-4082;-4456;-36;3539
1083607;2;19;2;2154;-2559;3430;-4095;-4571;2;3679
1083617;2;19;2;2154;-2575;3543;-4081;-4478;5;3996
1083627;2;19;2;2154;-2493;3434;-4012;-4117;76;4461
1083637;2;19;2;2154;-2365;3235;-3911;-3599;230;4528
1083647;2;19;2;2154;-2180;3064;-3818;-2903;373;4145
1083657;2;19;2;2154;-2000;2925;-3673;-2271;419;3740
1083667;2;19;2;2154;-1797;2888;-3564;-1858;318;3574
1083677;2;19;2;2154;-1483;2925;-3453;-1487;148;3397
1083687;2;19;2;2154;-1300;2965;-3363;-1164;-130;3387
1083697;2;19;2;2154;-1276;2989;-3234;-775;-426;3198
1083707;2;19;2;2154;-1335;3123;-3161;-388;-665;3095
1083717;2;19;2;2154;-1487;3116;-3063;91;-802;3085
1083727;2;19;2;2154;-1447;3121;-2896;472;-950;3167
1083737;2;19;2;2154;-1330;3181;-2736;578;-1172;3434
1083747;2;19;2;2154;-1127;3333;-2536;625;-1366;3768
1083757;2;19;2;2154;-847;3309;-2224;814;-1732;4067
1083767;2;19;2;2154;-601;3306;-1900;1477;-2258;4158
1083777;2;19;2;2154;-719;3123;-1789;2788;-2908;4452
1083787;2;19;2;2154;-824;2945;-1937;4367;-3533;4374
1083797;2;19;2;2154;-1179;2628;-2527;5553;-3810;4411
1083807;2;19;2;2154;-1806;2634;-3024;6009;-3744;4225
1083817;2;19;2;2154;-1849;2440;-3430;5175;-3196;4468
1083827;2;19;2;2154;-1848;2510;-3560;4097;-2758;4682
1083837;2;19;2;2154;-1336;2455;-3345;3019;-2415;4996
1083847;2;19;2;2154;-794;2270;-3051;2536;-2281;4666
1083857;2;19;2;2154;-595;2454;-2911;2477;-2308;4021
1083867;2;19;2;2154;-528;2699;-2853;2506;-2474;3602
1083877;2;19;2;2154;-603;2816;-2912;2336;-2699;3320
1083887;2;19;2;2154;-820;2921;-3116;2039;-2726;2944
1083897;2;19;2;2154;-1016;2936;-3274;1846;-2589;2797
1083907;2;19;2;2154;-1138;2868;-3440;1708;-2277;2636
1083917;2;19;2;2154;-1314;2972;-3671;1412;-1861;2142
1083927;2;19;2;2155;-1464;3023;-3639;796;-1393;1576
1083937;2;19;2;2155;-1533;3321;-3419;-505;-1044;1355
1083947;2;19;2;2155;-1342;3657;-2996;-1982;-967;1666
1083957;2;19;2;2155;-1132;3837;-2406;-3039;-1109;2136
1083967;2;19;2;2155;-958;3882;-1875;-3282;-1536;2640
1083977;2;19;2;2155;-662;3592;-1470;-2658;-2274;3227
1083987;2;19;2;2155;-458;3226;-1349;-1684;-3150;3636
1083997;2;19;2;2155;-290;2699;-1461;-946;-3997;3847
1084007;2;19;2;2155;-261;2189;-1743;-925;-4638;3699
1084017;2;19;2;2155;-393;1840;-1966;-1269;-5017;3298
1084027;2;19;2;2155;-611;1825;-2114;-1581;-5127;2854
1084037;2;19;2;2155;-794;2100;-2198;-1706;-5089;2750
1084047;2;19;2;2155;-663;2428;-2337;-1514;-4797;2719
1084057;2;19;2;2155;-608;2681;-2349;-1100;-4349;2845
1084067;2;19;2;2155;-493;2513;-2222;-404;-3898;2983
1084077;2;19;2;2155;-185;2351;-2204;1054;-3589;3220
1084087;2;19;2;2155;-52;2278;-2271;1526;-3613;3335
1084097;2;19;2;2155;217;2230;-2425;1722;-3625;3273
1084107;2;19;2;2155;366;2231;-2586;1249;-3613;2846
1084117;2;19;2;2155;203;2308;-2611;396;-3608;2203
1084127;2;19;2;2155;-126;2480;-2612;-373;-3532;1695
1084137;2;19;2;2155;-439;2652;-2628;-1045;-3426;1808
1084147;2;19;2;2155;-622;2672;-2564;-1618;-3235;2161
1084157;2;19;2;2155;-737;2680;-2383;-2106;-2926;2450
1084167;2;19;2;2155;-723;2705;-2099;-2455;-2706;2687
1084177;2;19;2;2155;-672;2651;-1743;-2449;-2670;3066
1084187;2;19;2;2155;-637;2555;-1556;-1855;-2732;3319
1084197;2;19;2;2155;-630;2491;-1504;-1002;-2841;3383
1084207;2;19;2;2155;-613;2514;-1603;-265;-2936;3339
1084217;2;19;2;2155;-592;2425;-1763;197;-3031;3245
1084227;2;19;2;2155;-592;2320;-1935;494;-3056;2919
1084237;2;19;2;2155;-681;2351;-1976;730;-3136;2730
1084247;2;19;2;2155;-617;2337;-1948;963;-3245;2649
1084257;2;19;2;2155;-541;2448;-1993;1026;-3419;2490
1084267;2;19;2;2155;-459;2552;-1995;606;-3732;2657
1084277;2;19;2;2155;-526;2495;-2014;213;-4056;2914
1084287;2;19;2;2155;-754;2539;-2004;-34;-4342;3156
1084297;2;19;2;2155;-853;2535;-2122;-332;-4493;3445
1084307;2;19;2;2155;-883;2553;-2077;-761;-4608;3620
1084317;2;19;2;2155;-1077;2634;-1992;-1039;-4670;3959
1084327;2;19;2;2155;-1106;2698;-1857;-974;-4702;4384
1084337;2;19;2;2155;-945;2578;-1827;-831;-4599;4519
1084347;2;19;2;2155;-766;2516;-1667;-365;-4575;4321
1084357;2;19;2;2155;-648;2495;-1598;34;-4602;4325
1084367;2;19;2;2155;-312;2381;-1504;374;-4721;4306
1084377;2;19;2;2155;-183;2286;-1418;458;-4774;3975
1084387;2;19;2;2155;-163;2213;-1348;649;-4980;3550
1084397;2;19;2;2155;-36;2002;-1379;768;-5186;3042
1084407;2;19;2;2155;-5;2154;-1392;525;-5387;2334
1084417;2;19;2;2155;-250;2550;-1289;445;-5578;1812
1084427;2;19;2;2156;-596;2760;-1221;396;-5708;1462
1084437;2;19;2;2156;-903;3018;-1218;546;-5736;1124
1084447;2;19;2;2156;-1139;3591;-1170;553;-5634;1109
1084457;2;19;2;2156;-1194;4110;-990;146;-5520;1519
1084467;2;19;2;2156;-1170;4182;-878;-20;-5335;1875
1084477;2;19;2;2156;-1389;3873;-918;327;-5041;2240
1084487;2;19;2;2156;-1630;3431;-1278;1023;-4698;2581
1084497;2;19;2;2156;-1451;2996;-1679;1679;-4264;2626
1084507;2;19;2;2156;-992;2589;-2040;1938;-3895;2117
1084517;2;19;2;2156;-725;2579;-2297;1589;-3512;1036
1084527;2;19;2;2156;-730;2825;-2350;833;-3357;250
1084537;2;19;2;2156;-734;3158;-2232;-219;-3288;-375
1084547;2;19;2;2156;-850;3593;-1956;-1116;-3440;-670
1084557;2;19;2;2156;-1114;3989;-1796;-1834;-3779;-521
1084567;2;19;2;2156;-1343;4096;-1587;-2528;-4126;-85
1084577;2;19;2;2156;-1353;3942;-1617;-3502;-4443;396
1084587;2;19;2;2156;-1521;3573;-1470;-3829;-4308;366
1084597;2;19;2;2156;-1745;3642;-1238;-2844;-4296;498
1084607;2;19;2;2156;-1557;3495;-1304;-366;-4608;1065
1084617;2;19;2;2156;-1187;3121;-2001;2126;-4895;1228
1084627;2;19;2;2156;-811;3137;-2877;3007;-5253;1010
1084637;2;19;2;2156;-700;3171;-3511;3076;-5505;329
1084647;2;19;2;2156;-875;3468;-3836;3169;-5597;-348
1084657;2;19;2;2156;-1049;3608;-4143;3569;-5502;-1153
1084667;2;19;2;2156;-1326;3965;-4371;3889;-5313;-1562
1084677;2;19;2;2156;-1467;4207;-4526;3962;-5126;-1348
1084687;2;19;2;2156;-1551;3862;-4742;3630;-4842;-908
1084697;2;19;2;2156;-1538;3292;-4760;2743;-4438;-744
1084707;2;19;2;2156;-1471;3011;-4396;1459;-4079;-636
1084717;2;19;2;2156;-1426;2849;-3876;115;-3850;-575
1084727;2;19;2;2156;-1357;2792;-3274;-917;-3605;-762
1084737;2;19;2;2156;-1397;2869;-2670;-1229;-3454;-962
1084747;2;19;2;2156;-1403;2827;-2331;-821;-3399;-923
1084757;2;19;2;2156;-1458;2739;-2327;73;-3330;-651
1084767;2;19;2;2156;-1448;2462;-2401;1087;-3150;-357
1084777;2;19;2;2156;-1387;2024;-2612;2143;-2862;-478
1084787;2;19;2;2156;-1405;1694;-2772;3204;-2388;-1056
1084797;2;19;2;2156;-1522;1772;-2846;3949;-1958;-1467
1084807;2;19;2;2156;-1573;1902;-2908;4190;-1664;-1472
1084817;2;19;2;2156;-1628;2109;-2824;3913;-1289;-1509
1084827;2;19;2;2156;-1652;2467;-2635;3416;-1113;-1423
1084837;2;19;2;2156;-1661;2669;-2529;2958;-1127;-1283
1084847;2;19;2;2156;-1780;2733;-2586;2787;-1149;-1185
1084857;2;19;2;2156;-2051;2622;-2624;2647;-1096;-1025
1084867;2;19;2;2156;-2179;2435;-2612;2514;-1053;-904
1084877;2;19;2;2156;-2162;2293;-2545;2229;-1019;-877
1084887;2;19;2;2156;-2036;2179;-2327;1691;-1142;-855
1084897;2;19;2;2156;-1923;2165;-1939;1265;-1519;-701
1084907;2;19;2;2156;-1992;2175;-1721;1277;-2079;-468
1084917;2;19;2;2156;-2088;2159;-1685;1604;-2572;-261
